FAIL in (rabbit-test) (rabbitmq_test.clj:77)
expected: (:valid? (:results test))
  actual: false
{:valid? false,
 :queue {:valid? false, :error "can't dequeue 1198"},
 :total-queue
 {:valid? false,
  :lost
  #{5653 5866 5693 5870 5835 5816 5759 5841 5806 5795 5685 5719 5714
    5736 5671 5821 5871 5737 5695 5855 5712 5794 5800 5827 5860 5849
    5701 5824 5734 5885 5785 5818 5881 5863 3587 5732 5822 5814 5681
    5718 5761 5752 5791 5709 5853 5801 5882 5836 5751 5703 5869 5765
    5819 5874 5887 5804 5787 5688 5873 5817 5670 5711 5767 3692 5764
    1469 5834 5713 5884 5790 5740 5803 5763 5880 5770 5717 5669 5802
    5677 5755 5743 5730 5692 5807 5747 5744 5839 5654 5797 5788 5864
    5789 5738 5105 5690 5652 5833 5810 5861 5756 5809 5781 5702 5847
    5725 5750 5858 5798 5708 5726 5727 5768 5815 5745 5856 5760 5672
    5868 5705 5675 5848 5673 5724 5757 5875 5886 5850 5829 5679 5696
    5731 5678 5668 5846 5867 5779 5780 5852 5723 5796 5665 5773 5684
    5786 5741 5746 5823 5837 5715 5735 5778 5843 5771 5694 5649 5808
    5676 5792 5749 5840 5805 2949 5739 5828 5683 5680 5700 5813 5826
    5859 5698 5754 5762 5674 5707 5883 5782 5758 5663 5783 5862 5845
    5851 5830 5774 5721 5691 5710 5812 5799 5872 5838 5876 5733 5777
    5879 5748 5842 5661 5722 5666 5831 5825 5697 5647 5728 5769 5658
    5772 5775 5832 5820 5687 5811 5776 5753 5720 5699 5742 5766 5655
    5784 5686 5857 5878 5689 5682 5854 5729 5664 5716 5877 5793 5706
    5865 5667 5844 5704 5651},
  :unexpected #{1198 1199},
  :recovered #{},
  :ok-frac 2809/2944,
  :unexpected-frac 1/2944,
  :lost-frac 239/5888,
  :recovered-frac 0}}
